3.238095238
3
2.803921569
2.530434783
2.518072289
2.46
2.390243902
2.363636364
2.357894737
2.333333333
2.325396825
2.251162791
2.25
2.204081633
2.2
2.142857143
2.088888889
2.083333333
2.048780488
2.03030303
1.989795918
1.86
1.788461538
1.681818182
1.650793651
1.623188406
1.606060606
1.592592593
1.583333333
1.571428571
1.541666667
1.538461538
1.531914894
1.523364486
1.5
1.483146067
1.46875
1.466666667
1.421052632
1.356435644
1.333333333
1.315789474
1.277777778
1.270588235
1.259259259
1.25
1.245762712
1.23943662
1.234782609
1.194029851
1.185185185
1.143497758
1.136363636
1.133333333
1.117647059
1.111607143
1.108910891
1.096774194
1.061538462
1.019607843
1
0.953488372
0.846153846
0.833333333
0.825
0.811320755
0.790697674
0.789473684
0.782608696
0.78125
0.767241379
0.764705882
0.717948718
0.674157303
0.649122807
0.64
0.6
0.575757576
0.545454545
0.459459459
0.358974359
0.340909091
0.333333333
0.316666667